0.398564 2
0.003280 1
0.673292 1
0.187454 1
0.215051 1
0.149667 1
0.097483 1
0.143995 1
0.075635 1
0.083625 1
0.098911 1
1.688835 1
0.138213 1
0.095534 1
0.194636 1
0.053073 1
0.077751 1
0.089560 1
0.052543 1
0.108149 2
0.328803 1
0.075968 1
0.855935 2
0.554300 1
0.019266 1
0.092308 1
0.088635 1
0.060799 1
0.225590 1
0.108325 1
0.121573 1
0.132356 1
0.210606 1
0.076276 1
0.108215 1
0.113922 1
0.119732 1
0.069197 1
0.050461 1
0.078806 1
0.109305 1
0.050970 1
0.125172 1
0.159028 1
0.123833 1
0.088193 1
0.404545 1
0.047510 1
0.094248 1
0.080286 1
0.090317 1
0.177969 1
0.052994 3
0.449541 1
0.142983 1
0.837343 1
0.309306 1
0.109139 1
0.257082 1
0.085760 1
0.080330 1
0.077713 1
0.128965 1
0.074007 1
0.087813 1
0.112392 1
0.115182 1
0.099898 4
0.331825 1
0.293176 1
0.165349 1
0.171457 1
0.091235 1
0.155395 1
0.391549 1
0.106075 3
0.681156 3
0.163443 1
0.183089 1
0.039015 1
0.062746 1
0.070173 1
0.153378 1
0.093069 1
0.063984 1
0.167749 1
0.191334 1
0.011626 1
0.205755 1
0.602414 1
0.094573 1
0.100834 2
0.332034 4
0.588027 1
0.704135 1
0.090198 1
0.092144 1
0.088602 1
0.078261 1
0.155902 1
0.075733 3
0.494033 1
0.012176 1
0.034987 1
0.194694 1
0.174117 1
0.050945 1
0.181692 1
0.435570 1
0.165454 1
0.114878 1
0.064758 1
0.088828 1
0.063923 1
0.135073 1
0.522013 1
0.126363 1
0.183329 3
0.613752 3
0.158871 3
0.133800 1
0.292163 1
0.162534 1
0.368925 1
0.435891 1
0.195191 2
0.214023 108
0.379198 2
0.000125 94
0.000033 2
0.000034 151
0.221544 2
0.000224 151
0.000032 2
0.000029 151
0.000035 2
0.000028 151
0.000034 2
0.000027 267
0.000039 2
0.000039 2
0.016115 4
1.705458 1
1.063060 1
0.186780 1
0.241960 1
0.415056 2
0.000251 1
0.010937 1
0.072468 1
0.103782 1
0.315852 1
0.163139 1
0.096200 1
0.051639 1
0.115727 1
0.183628 1
0.197528 1
0.054033 1
0.386264 1
0.794143 1
0.102904 1
0.160457 1
0.380696 1
0.674740 1
0.086812 1
0.144619 1
0.087428 1
0.093811 1
0.066302 1
0.140504 1
0.094033 1
0.136646 1
0.158445 1
0.094793 1
0.146602 1
0.090424 1
0.072278 2
0.342755 1
0.602529 1
0.162081 1
0.189028 1
0.076329 1
0.119343 1
0.076847 1
0.068240 4
1.262431 1
0.767218 1
0.166905 1
0.174122 1
0.844574 1
0.281044 1
0.216452 1
0.089688 1
0.182382 1
0.142574 1
0.089406 1
0.094222 1
0.076340 2
0.392219 1
0.071980 1
0.230127 1
0.707239 1
0.463276 1
0.097316 1
0.047987 1
0.133644 1
0.092924 1
0.180711 1
0.098686 1
0.151233 1
0.138939 1
0.083828 2
0.271140 1
0.056399 1
0.186289 1
0.123234 1
0.191328 1
0.131947 1
0.291232 1
0.230557 1
0.359615 1
0.429974 1
0.145014 1
0.531041 1
0.062845 1
0.240490 1
0.092262 1
0.156611 1
0.051352 1
0.299103 1
0.124419 1
0.088324 1
0.169914 1
0.207136 1
0.113656 1
0.138865 1
0.223991 2
0.973847 108
0.428404 2
0.000144 94
0.000046 2
0.000035 29
0.305713 2
0.000118 22
0.000040 2
0.000027 13
0.000034 2
0.000041 14
0.000036 2
0.000025 26
0.000034 2
0.000025 17
0.000026 2
0.000022 31
0.000022 2
0.000030 30
0.000022 2
0.000021 37
0.000021 2
0.000021 27
0.000020 2
0.000021 30
0.000020 2
0.000021 12
0.000020 2
0.000021 597
0.000024 2
0.000041 17
0.000021 2
0.000020 56
0.000021 2
0.000021 80
0.000021 2
0.000022 389
0.000023 2
0.000027 17
0.000021 2
0.000024 56
0.000022 2
0.000021 80
0.000021 2
0.000022 159
0.000022 2
0.000024 19
0.000021 2
0.000021 56
0.000020 2
0.000021 80
0.000021 2
0.000021 33
0.000021 2
0.000021 27
0.000020 2
0.000021 26
0.000020 2
0.000020 21
0.000020 2
0.000022 19
0.000020 6
0.000022 2
0.000021 35
0.000179 2
0.000054 40
0.000022 2
0.000021 35
0.000020 2
0.000022 20
0.000020 2
0.000021 29
0.000020 2
0.000026 27
0.000020 2
0.000021 19
0.000020 2
0.000021 33
0.000022 2
0.000026 25
0.000020 2
0.000021 26
0.000020 2
0.000021 22
0.000020 2
0.000022 21
0.000020 2
0.000021 34
0.000020 2
0.000021 20
0.000022 2
0.000020 27
0.000038 2
0.000026 16
0.000021 2
0.000021 20
0.000025 2
0.000021 26
0.000020 2
0.000020 34
0.000021 2
0.000030 16
0.000021 2
0.000021 22
0.000026 2
0.000022 24
0.000021 2
0.000021 25
0.000025 2
0.000027 21
0.000021 2
0.000021 27
0.000020 2
0.000022 24
0.000020 2
0.000021 27
0.000023 2
0.000021 25
0.000020 2
0.000026 25
0.000020 2
0.000021 23
0.000020 2
0.000023 23
0.000024 2
0.000020 23
0.000021 2
0.000020 23
0.000036 2
0.000025 28
0.000021 2
0.000021 28
0.000020 2
0.000021 35
0.000020 2
0.000021 23
0.000020 2
0.000021 27
0.000021 2
0.000020 52
0.000021 2
0.000021 47
0.000021 2
0.000021 23
0.000020 2
0.000021 24
0.000027 2
0.000023 35
0.000021 2
0.000021 24
0.000020 2
0.000026 23
0.000021 2
0.000020 33
0.000026 2
0.000021 24
0.000020 2
0.000020 15
0.000022 2
0.000020 20
0.000021 2
0.000020 24
0.000021 2
0.000020 48
0.000020 2
0.000022 23
0.000020 2
0.000020 39
0.000020 2
0.000021 34
0.000026 2
0.000021 41
0.000021 2
0.000021 21
0.000020 2
0.000021 17
0.000021 2
0.000020 72
0.000022 2
0.000021 30
0.000021 2
0.000020 55
0.000022 2
0.000043 20
0.000021 2
0.000020 18
0.000021 2
0.000020 34
0.000021 2
0.000021 42
0.000020 2
0.000021 45
0.000027 2
0.000023 58
0.000021 2
0.000021 26
0.000020 2
0.000021 23
0.000020 2
0.000021 5
0.000020 22
0.000028 2
0.000021 41
0.000021 2
0.000021 24
0.000020 2
0.000020 12
0.000020 2
0.000020 28
0.000021 2
0.000020 19
0.000020 2
0.000021 33
0.000020 2
0.000021 32
0.000021 2
0.000026 39
0.000021 2
0.000021 29
0.000022 2
0.000020 32
0.000021 2
0.000021 14
0.000020 2
0.000020 599
0.000024 2
0.000029 19
0.000021 2
0.000020 58
0.000021 2
0.000021 82
0.000021 2
0.000021 391
0.000023 2
0.000027 19
0.000021 2
0.000021 58
0.000020 2
0.000021 82
0.000031 2
0.000023 161
0.000022 2
0.000022 21
0.000021 2
0.000020 58
0.000021 2
0.000021 82
0.000021 2
0.000034 35
0.000021 2
0.000021 29
0.000020 2
0.000021 3
0.000020 25
0.000021 2
0.000020 23
0.000021 2
0.000020 27
0.000021 2
0.000020 37
0.000020 2
0.000021 42
0.000026 2
0.000021 37
0.000020 2
0.000021 22
0.000020 2
0.000021 31
0.000021 2
0.000021 29
0.000021 2
0.000020 21
0.000021 2
0.000021 35
0.000028 2
0.000025 27
0.000021 2
0.000020 28
0.000020 2
0.000020 24
0.000021 2
0.000020 23
0.000021 2
0.000020 36
0.000021 2
0.000028 22
0.000021 2
0.000021 29
0.000020 2
0.000021 18
0.000020 2
0.000021 22
0.000020 2
0.000021 28
0.000020 2
0.000020 36
0.000021 2
0.000020 18
0.000020 2
0.000022 24
0.000020 2
0.000021 26
0.000021 2
0.000020 27
0.000020 2
0.000020 23
0.000020 2
0.000021 29
0.000020 2
0.000026 26
0.000022 2
0.000021 29
0.000020 2
0.000021 27
0.000020 2
0.000021 27
0.000021 2
0.000020 25
0.000021 2
0.000020 25
0.000020 2
0.000021 25
0.000020 2
0.000020 25
0.000021 2
0.000020 30
0.000024 2
0.000036 30
0.000038 2
0.000045 37
0.000228 2
0.000043 25
0.000033 2
0.000022 29
0.000020 2
0.000021 54
0.000021 2
0.000021 49
0.000020 2
0.000026 25
0.000020 2
0.000021 26
0.000020 2
0.000028 37
0.000023 2
0.000031 26
0.000021 2
0.000021 25
0.000020 2
0.000021 35
0.000011 2
0.000021 26
0.000011 2
0.000010 17
0.000010 2
0.000010 22
0.000010 2
0.000010 26
0.000011 2
0.000023 50
0.000014 2
0.000010 25
0.000024 2
0.000011 41
0.000010 2
0.000010 36
0.000011 2
0.000010 43
0.000010 2
0.000010 23
0.000010 2
0.000010 19
0.000010 2
0.000009 74
0.000011 2
0.000010 32
0.000009 2
0.000010 57
0.000018 2
0.000028 22
0.000010 2
0.000010 20
0.000010 2
0.000010 36
0.000010 2
0.000010 7
0.000010 37
0.000011 2
0.000010 47
0.000011 2
0.000010 60
0.000017 2
0.000013 28
0.000013 2
0.000015 25
0.000017 2
0.000010 49
0.000010 2
0.000027 41
0.000010 2
0.000010 25
0.000010 2
0.000010 47
0.000011 2
0.000015 2
0.020994 4
2.373256 1
0.716897 1
0.014444 1
0.449517 1
0.143624 1
0.716446 1
0.087122 1
0.208714 1
0.089423 1
0.064583 1
0.081474 1
0.281897 1
0.073854 1
0.086513 1
0.172334 3
0.719463 1
0.199130 1
0.075288 1
0.204691 1
0.102669 1
0.135268 1
0.095980 1
0.164387 1
0.136087 1
0.102871 1
0.133483 1
0.208049 1
0.105012 1
0.046072 1
0.087097 1
0.258817 1
0.864312 1
0.140200 1
0.317062 1
0.123383 1
0.091840 1
0.079668 1
0.090809 1
0.152649 1
0.156145 1
0.065201 1
0.098284 1
0.126528 1
0.346592 1
0.083803 1
0.285808 3
0.342091 3
0.115158 3
0.140055 3
0.167301 3
0.130508 1
0.115910 1
0.103330 1
0.082252 3
0.537508 3
0.157904 3
0.148157 1
0.119977 1
0.243918 1
0.137018 1
0.129411 1
0.145671 1
0.119137 2
0.331290 1
0.078960 1
0.112267 1
0.053241 1
0.115736 1
0.092664 1
0.069693 1
0.679555 1
0.078831 1
0.147048 1
0.128238 1
0.086828 1
0.057769 1
0.513201 1
0.000237 1
0.000425 1
0.138178 1
0.140277 1
0.280515 1
0.214389 1
0.144350 3
0.252615 3
0.132496 3
0.135016 3
0.162005 3
0.126737 1
0.259466 1
0.128675 1
0.443151 1
0.165339 1
0.109629 1
0.140462 1
0.153795 1
0.120709 1
0.077992 1
0.240661 1
0.755741 3
0.705895 1
0.097668 1
0.133991 1
0.181622 1
0.108541 4
0.140974 1
0.466029 1
0.145845 1
0.142436 1
0.089344 1
0.128598 1
0.230688 1
0.157618 1
0.085051 1
0.132644 1
0.062383 1
0.158886 1
0.115166 1
0.095004 3
0.274577 3
0.111012 3
0.093192 3
0.143547 3
0.138064 3
0.167660 3
0.172988 3
0.160249 1
0.264994 1
0.099568 1
0.129198 1
0.320494 1
0.157234 3
0.578796 3
0.175430 1
0.098808 1
0.069525 1
0.152286 1
0.149347 1
0.104862 1
1.504849 4
0.686338 1
0.256652 1
0.183859 1
0.106096 1
0.119970 8
